200 5 1
590328
773 458 3483 1479 8967 5669
476 7414 345 1851 3722 6881
9161 6733 7452 8979 9083 5871
1789 8477 6772 7237 8984 5062
3070 8589 9471 7811 6608 5036
1283 6767 318 9404 618 5859
6960 7362 3872 3575 1766 6125
7013 2809 9600 7930 3842 6162
8827 9435 5464 4759 4977 5755
3221 389 9169 3081 9920 4914
8928 301 7171 8228 7775 5608
5545 983 5543 5148 2122 6600
969 8186 8197 1432 1256 4877
8753 1340 359 4058 3862 6399
9350 3505 3670 9326 3824 5026
7888 5330 7279 8795 3404 5788
3335 3143 9101 725 5996 5040
894 186 7786 5379 1863 6531
5150 8786 5769 8017 6685 5511
892 4694 8730 522 1080 6240
349 7021 5056 9206 4113 5336
7593 5020 1346 2940 6471 5126
3825 2980 4900 6098 5531 5007
3450 5408 4350 4231 7894 5144
2601 7926 6444 9426 4773 5672
9059 660 3517 701 6928 6788
565 1236 7432 4426 8613 6380
3284 9035 9804 1412 2448 5449
7144 1826 362 6579 995 6101
6143 5063 7205 9872 5187 5240
2691 767 2350 650 4069 5415
4753 7543 2647 4754 2937 6061
4237 7239 347 4415 3324 6941
9539 3935 3978 9385 2581 6138
5409 9400 6311 1631 7664 6044
2563 3048 768 6903 8754 4880
8824 3853 9738 9552 8395 6744
1017 8647 2238 3972 3338 6735
7048 6768 114 2402 8922 4980
8909 8029 4546 4360 3900 5959
1219 9288 9907 6920 9607 5349
6272 5964 9448 1555 7126 6057
8292 7420 8993 9469 3254 5586
8681 2608 7850 5023 2027 6661
9363 6789 6778 19 1217 6110
9725 3786 3307 1342 1434 5993
5794 8991 659 9392 590 6248
1985 4811 132 1644 8763 4932
2246 5121 1193 4596 7974 5125
7566 4986 374 5171 4101 6783
579 210 1616 552 6050 6039
6916 1604 7669 6883 3532 6266
1241 9753 1882 6634 9927 5050
1775 7601 620 9696 2133 6921
6338 5159 1655 8496 4782 5522
2778 4371 429 5327 5988 6305
2038 4356 7893 4672 7318 5728
2535 6697 666 7278 4315 6603
9217 7826 4422 1875 131 5267
852 1633 7189 5420 1032 6622
5434 4438 8853 6380 6402 6661
3204 1046 9709 7090 4956 5345
9985 3340 392 1284 1735 4965
4373 6946 8224 9282 4539 6288
9656 740 2890 7587 2076 4877
8062 8461 4284 9940 5958 6532
587 8808 9262 294 771 6504
6969 4960 2719 2777 6428 6532
7569 6059 7516 433 5981 5669
5102 9103 4628 3369 5261 6886
255 2798 3121 6218 5077 5789
9877 1744 9209 9557 6016 5267
4256 1247 4112 3288 2582 5595
806 1648 4159 1154 4526 5074
8941 2385 7570 3793 7467 5098
4025 6451 8200 7328 8646 6137
5970 1728 1780 5722 5572 5964
2181 3920 8743 9064 4532 5527
367 5614 2625 3826 1809 5719
4335 988 1877 497 753 5751
7737 9221 99 8294 2127 5699
4933 9046 4422 1329 8951 6880
5111 356 6244 7314 7800 5486
5879 3142 2397 6962 4132 6469
6550 3545 8930 6442 3355 5675
3969 5672 7325 9577 3377 5199
3809 1205 5398 4184 8407 5248
2317 3534 9647 944 3914 6050
836 7833 665 5254 8955 5493
747 8392 6125 4083 7411 6075
2159 5907 8012 7374 9031 6235
2289 6319 1598 9490 1913 6496
3480 2588 3987 353 5034 5186
1121 3289 4778 4154 1892 6772
1867 8774 3282 5281 7245 4923
9330 5260 5278 7088 5477 4927
6450 2475 4386 2430 3890 6695
6030 9490 2030 6520 9274 6758
4903 2794 7769 6486 5906 5148
1794 8708 2822 4951 8406 6340
2770 7195 2656 4505 7829 5069
3554 6478 6849 9288 2187 6848
5351 3780 9550 7499 2690 6005
4862 8123 392 9748 5186 5832
9646 504 5785 3940 1292 5648
3669 1615 6545 1067 7180 5092
2270 4037 5117 3462 1002 6545
506 5621 9948 5388 9480 5962
1584 5407 8957 4058 3083 6324
9953 3869 2965 3403 9534 5340
6192 3847 2660 574 3400 5568
8183 6807 8197 2127 1655 6134
5824 2538 8431 1365 5102 4949
5707 143 7641 6211 5110 5246
4342 5016 2727 6349 465 5432
7113 8060 7051 9382 8541 6436
9257 8366 4694 3709 1315 5252
8164 3853 9679 8286 6315 5197
4122 4757 1964 3159 6897 6251
5423 9348 5131 650 5550 5360
737 2600 1527 6681 4528 6633
8726 4480 1630 3017 5784 4963
9652 6863 5017 2020 1427 5633
654 2595 4078 2247 2110 5294
4928 3214 3090 8621 1327 5515
1894 7148 9394 9421 9430 6526
1156 2348 5349 8432 9330 6489
8575 6758 9064 3924 6036 5384
8784 1155 1633 952 1089 4921
9789 218 4030 5881 4986 5355
6916 7323 802 8673 9347 6789
342 4472 9252 7989 3172 5928
6877 3318 1633 6235 7876 5288
2439 3010 9298 5880 1651 5943
4212 8395 1608 1995 7548 6555
5956 1389 4624 6715 1696 6885
5281 8315 21 5223 1091 6352
7865 1494 4026 5271 1694 5212
2562 4452 5059 4200 1923 6926
2491 4150 275 1235 1813 5960
5730 7170 3868 2767 7708 6808
8100 379 3645 7782 5274 6768
3475 3989 330 5156 3731 4902
2518 4450 8156 5059 1387 6852
1563 7115 1126 4261 1549 5813
2264 8692 4134 9194 2214 5318
3884 1631 7138 5074 1315 5980
1219 6282 2997 5984 3271 5990
7553 6729 7717 5594 6815 5998
199 8818 5514 1678 1190 5789
4388 4647 9317 4736 9293 6834
743 8744 2538 9010 949 6655
8881 5346 1229 6766 4616 6214
3047 3840 6402 733 9911 5485
8705 6958 4228 5309 8135 6760
3374 6116 3839 7123 4005 6477
4158 6498 6903 4702 1934 5604
1538 8426 6862 7831 7200 5574
11 3875 5075 4315 4951 5715
9502 4062 7373 1466 3539 5816
791 4194 7748 7672 6248 6255
9949 8583 7978 6036 3125 6619
6277 9745 8330 7067 9961 6178
2859 8326 9022 8511 9536 4981
7577 8505 4457 5783 7822 6257
8108 9616 3300 516 7622 6701
4100 2838 1099 5482 2937 5064
5543 708 4061 508 8122 4922
9674 1335 1771 2977 3637 6524
800 6005 6596 8299 1568 5627
4805 5094 4212 427 9702 6346
7865 34 2887 5424 1765 5718
787 8821 1643 2714 3844 6867
368 4131 5243 3817 2693 6715
9122 4775 2752 8356 1719 6460
2274 6579 1041 6759 7255 6563
1498 952 793 9023 639 6602
4856 2399 8647 1286 4184 6698
2897 8495 2492 1923 2829 5245
2882 9758 2230 2252 823 6839
779 7542 3853 4485 4720 5032
1820 7699 2826 1583 3333 4890
8017 438 3286 2062 2769 5757
6913 8538 3774 1649 8368 6454
2618 8694 2733 7272 7028 6269
9922 3615 1370 7085 4640 6409
9307 5747 7627 8203 5622 6070
2300 8223 4567 9962 2305 5485
4611 9844 744 4285 4203 6057
7 1336 7900 7534 8649 6883
8308 8484 410 9995 4934 5743
7121 9158 3441 7125 5643 6362
3094 8199 3869 4725 9786 6352
4231 6155 1741 1655 2409 6723
5344 4397 6132 2924 8317 5180
8456 5655 662 457 9634 5640
1661 8075 9357 580 1437 6159
8569 1406 6434 3428 5071 5605
7751 1108 9555 6253 3484 6100
2410 2385 7403 5162 3118 5717
