200 4 1
647162
3666 8587 6589 2656 5660
9336 9710 9544 5729 5423
7014 2733 9437 2017 7192
7062 3480 3704 9447 6408
4457 3387 112 6292 6010
1279 3536 9938 2060 6337
673 3570 7477 6871 6104
4117 3838 7059 7699 7181
9774 9254 4947 7177 6950
5878 2428 6951 3801 5465
5653 3490 4348 9348 6737
6303 7430 6631 6517 6987
3501 8697 3445 2673 7014
810 2201 854 134 5402
9963 3057 8384 8697 6147
3359 6998 9358 4821 7502
3827 8457 3788 4936 7077
366 4009 1051 8274 5484
4021 764 7397 7943 5475
4024 9563 4822 7238 6824
3992 9244 416 8210 6288
370 2388 5009 7830 7211
9629 4741 2643 5298 6699
9611 393 3666 234 6607
7548 7156 1238 7324 6595
1356 9466 9644 4777 6559
7626 508 3703 4381 5610
4027 2179 542 707 7551
3746 2608 5782 3163 5563
9136 2479 6038 6621 6397
1098 211 1622 9129 6075
3046 6919 20 4591 7494
2324 628 2610 6509 7257
5079 4901 7159 4786 5965
579 7235 4762 843 6717
2410 4215 4609 3391 7314
7630 8139 7126 3467 7530
6792 4898 1178 4764 6749
1651 2587 8637 8644 5680
7120 7410 4979 7774 5674
75 3323 7604 4347 7519
3668 9619 8495 4000 5410
7621 4928 5885 7571 7560
2550 8032 1898 7112 6236
4855 5813 8776 2455 6044
556 14 228 2397 6785
8018 860 2930 6423 7177
322 3358 3992 7790 6776
3732 5936 4341 4553 5433
3993 96 8463 8109 6763
5243 8319 5542 6548 6794
2052 2728 6581 2703 7043
9664 2258 4723 6335 5677
764 600 4022 1294 5404
6004 730 7567 9241 6140
17 5225 8742 9762 5712
5010 6948 82 3568 5878
6949 180 7166 1483 5763
1391 1577 6461 7156 6152
7596 7040 3354 4463 6162
6297 3253 8293 9919 7021
8356 9849 3486 4844 7144
1996 8936 3881 7549 5809
1659 7243 8044 5112 6169
383 5020 9573 2287 6805
3736 6101 6065 5749 7376
904 2402 3365 356 6566
7544 7351 1172 9287 5459
5285 9306 3704 5610 6626
9858 8607 1737 9851 6248
1235 2081 3979 6828 7491
8814 528 6534 2389 6783
2990 4564 1972 7294 5968
727 6704 9960 1752 6087
7167 9117 5620 1050 5997
759 937 8709 6147 6666
1457 6423 111 3288 6716
2318 5924 7707 5005 7144
5836 8838 941 5297 6733
1590 4889 8212 2778 6169
8595 3605 6548 2848 5731
1153 1258 3419 4463 7059
5858 3025 9073 8807 6328
5569 3587 2416 639 6713
1433 9907 2808 7238 7245
3341 9928 1584 6305 7472
2559 4339 2521 8562 5747
8314 1484 8278 3805 7447
9402 243 6678 6444 5762
1490 6967 8426 6054 6666
8240 1378 3483 2938 6706
4700 9889 6467 8865 6110
246 1880 5965 8771 7394
2249 5443 769 7582 5950
6777 10000 9624 9438 6856
5577 1338 5535 7118 6456
73 6208 7781 1009 5781
7192 1342 8303 2833 7306
7438 6360 4799 1104 5415
3804 1913 3799 3180 6083
2397 5309 8143 2676 5507
9757 3833 1475 5168 6633
4642 1184 9757 1812 6725
4945 5046 3507 5628 5660
1307 8394 9510 2564 6979
895 9446 9348 9615 5644
639 850 5331 7633 7041
3366 4015 7148 8187 6644
9133 8769 1528 6496 6987
9603 1326 6267 9538 5697
9417 58 8517 2625 6548
9027 1747 5395 3222 6065
4061 1668 3249 9240 5530
1105 5190 2560 2577 6695
3716 3433 4857 4179 7486
80 5916 8576 3473 5939
3769 3364 3143 3745 6349
9516 6459 4519 3901 6982
5521 3572 979 6895 6534
8635 8830 6895 4297 7489
6877 2305 9046 3065 7035
2181 6144 9329 9104 7534
9594 1882 7924 4151 6730
4688 5824 308 4288 5675
1647 4810 6852 4601 6845
5282 461 6759 7620 5749
645 4427 3619 4707 5750
8062 8811 5677 4850 6217
6921 7522 1938 2478 7172
3614 5570 7516 3729 6755
3127 1166 3718 5240 7141
8255 8789 584 2780 7147
1441 5316 3567 7025 6336
1627 3258 9138 645 5394
6644 9498 3691 6205 7035
3259 2208 7682 623 7536
8226 6192 8281 3818 6440
4213 9001 5018 2987 5557
8840 7265 3623 2572 6116
6899 3795 2982 4774 5754
124 3379 7703 278 6526
909 6388 1438 8804 7027
9003 6962 5973 480 7105
7552 5075 3861 3215 6676
1668 9064 118 1323 5801
892 4738 795 2264 7177
8494 2419 8202 9816 7315
2085 7045 4242 5070 7538
9643 139 7891 992 6046
9618 6525 9705 505 6804
729 6904 9298 6738 7275
1989 4111 7509 4926 6374
1056 1320 6481 3753 6973
7478 3465 4236 1764 6691
984 9395 9428 685 6334
210 2286 7245 1412 6712
9784 99 1203 8414 7185
8428 7917 4382 2673 6784
7931 3081 275 832 6141
2534 3048 4226 9693 5400
4955 1122 48 6647 5882
7323 4911 9056 4057 6384
1001 7585 2626 8551 5386
4506 2785 3337 8124 7534
5698 2721 4328 2679 5534
9548 8637 7299 9864 5563
7397 4023 7513 3994 7390
9002 4365 7150 772 5403
5559 2658 2835 4426 7082
1330 8161 864 5823 6205
3671 1601 3488 9895 6865
480 8022 6095 5422 7127
8236 7898 2053 6762 5698
9218 3201 4726 4693 5866
4750 8019 1215 3692 5376
1634 8382 4967 4862 5732
8616 7176 5513 7846 6699
5555 9786 4421 9811 6798
3497 249 4350 8479 7520
8695 1221 9611 8865 6424
2237 844 7772 1092 6935
8748 5666 8669 8375 6398
1998 9435 1780 5871 6047
6523 9534 5653 712 7034
8137 6874 8760 6989 6748
909 8103 4775 4370 6604
6548 4425 167 9285 5811
4556 6805 6349 2219 6425
7504 6467 284 3336 7090
2152 2234 2087 1772 7097
4654 3847 9073 4298 6025
9166 4464 7310 6562 5844
5670 9184 8626 2322 6839
7949 1499 6205 7969 7204
4126 173 4562 1136 6684
1517 7789 1777 1474 6268
4957 2073 9445 9253 5735
1103 3314 5180 1549 6192
48 8172 2373 6599 5530
8789 2228 8066 3516 5865
